34
10
59
80
39
70
5
49
10
36
42
93
17
3
18
67
88
25
21
47
20
96
97
91
56
43
43
39
25
40
55
83
45
100
93
2
1
12
100
64
26
70
97
84
10
35
79
44
1
19
67
8
8
2
33
50
66
95
4
49
12
62
68
46
55
45
43
70
45
36
57
38
86
50
1
89
6
80
1
37
61
62
95
90
82
35
2
77
17
55
47
34
50
31
64
65
88
63
37
56
87
37
41
94
93
52
54
35
55
34
76
3
6
92
9
52
66
50
21
85
77
49
73
45
39
96
14
41
29
6
84
67
37
78
80
13
89
40
68
89
63
49
35
51
68
9
80
45
31
84
40
81
16
32
15
81
5
54
77
89
82
16
50
72
50
53
41
14
27
85
16
4
98
47
61
67
36
57
92
77
19
80
53
63
37
13
34
7
43
60
15
23
46
9
43
14
80
29
59
53
